1.000000 41.330000 0.000000 2.000000 8.000000 5.000000 15.000000 1.000000 0.000000 0.000000 0.000000 2.000000 0.000000 1.000000 1.000000
1.000000 26.670000 4.250000 2.000000 13.000000 4.000000 4.290000 1.000000 1.000000 1.000000 1.000000 2.000000 120.000000 1.000000 1.000000
1.000000 23.420000 1.000000 2.000000 8.000000 4.000000 0.500000 0.000000 0.000000 0.000000 1.000000 1.000000 280.000000 1.000000 0.000000
1.000000 39.000000 5.000000 2.000000 13.000000 4.000000 3.500000 1.000000 1.000000 10.000000 1.000000 2.000000 0.000000 1.000000 1.000000
1.000000 59.500000 2.750000 2.000000 9.000000 4.000000 1.750000 1.000000 1.000000 5.000000 1.000000 2.000000 60.000000 59.000000 1.000000
1.000000 31.250000 1.120000 2.000000 1.000000 1.000000 0.000000 0.000000 1.000000 1.000000 0.000000 2.000000 96.000000 20.000000 0.000000
1.000000 29.670000 0.750000 1.000000 8.000000 4.000000 0.040000 0.000000 0.000000 0.000000 0.000000 2.000000 240.000000 1.000000 0.000000
0.000000 24.750000 12.500000 2.000000 6.000000 4.000000 1.500000 1.000000 1.000000 12.000000 1.000000 2.000000 120.000000 568.000000 1.000000
1.000000 42.000000 9.780000 2.000000 14.000000 8.000000 7.960000 1.000000 1.000000 8.000000 0.000000 2.000000 0.000000 1.000000 1.000000
1.000000 17.070000 0.250000 2.000000 11.000000 4.000000 0.335000 0.000000 1.000000 4.000000 0.000000 2.000000 160.000000 9.000000 0.000000
1.000000 41.170000 1.250000 1.000000 9.000000 4.000000 0.250000 0.000000 0.000000 0.000000 0.000000 2.000000 0.000000 196.000000 0.000000
0.000000 16.000000 0.160000 2.000000 6.000000 4.000000 1.000000 0.000000 1.000000 2.000000 1.000000 2.000000 320.000000 2.000000 0.000000
1.000000 34.920000 2.500000 2.000000 9.000000 4.000000 0.000000 1.000000 0.000000 0.000000 1.000000 2.000000 239.000000 201.000000 1.000000
0.000000 27.670000 1.500000 2.000000 7.000000 4.000000 2.000000 1.000000 0.000000 0.000000 0.000000 1.000000 368.000000 1.000000 0.000000
1.000000 31.080000 1.500000 1.000000 9.000000 4.000000 0.040000 0.000000 0.000000 0.000000 0.000000 1.000000 160.000000 1.000000 0.000000
1.000000 32.830000 2.500000 2.000000 13.000000 8.000000 2.750000 1.000000 1.000000 6.000000 0.000000 2.000000 160.000000 2073.000000 1.000000
1.000000 39.170000 2.500000 1.000000 3.000000 8.000000 10.000000 0.000000 0.000000 0.000000 1.000000 1.000000 200.000000 1.000000 0.000000
1.000000 28.000000 2.000000 2.000000 4.000000 8.000000 4.165000 1.000000 1.000000 2.000000 1.000000 2.000000 181.000000 1.000000 1.000000
1.000000 27.250000 0.620000 2.000000 6.000000 4.000000 0.455000 1.000000 0.000000 0.000000 1.000000 2.000000 200.000000 1.000000 0.000000
1.000000 28.170000 0.120000 1.000000 4.000000 4.000000 0.085000 0.000000 0.000000 0.000000 0.000000 2.000000 216.000000 2101.000000 0.000000
1.000000 19.420000 6.500000 2.000000 9.000000 8.000000 1.460000 1.000000 1.000000 7.000000 0.000000 2.000000 80.000000 2955.000000 1.000000
0.000000 25.250000 12.500000 2.000000 2.000000 4.000000 1.000000 0.000000 0.000000 0.000000 1.000000 2.000000 180.000000 1063.000000 0.000000
1.000000 42.750000 3.000000 2.000000 3.000000 5.000000 1.000000 1.000000 0.000000 0.000000 0.000000 2.000000 0.000000 201.000000 0.000000
0.000000 22.670000 0.330000 2.000000 11.000000 4.000000 0.750000 0.000000 0.000000 0.000000 0.000000 1.000000 160.000000 1.000000 0.000000
0.000000 33.920000 1.580000 1.000000 1.000000 1.000000 0.000000 1.000000 0.000000 0.000000 0.000000 2.000000 320.000000 1.000000 0.000000
0.000000 22.830000 2.290000 2.000000 11.000000 8.000000 2.290000 1.000000 1.000000 7.000000 1.000000 2.000000 140.000000 2385.000000 1.000000
0.000000 17.320000 9.500000 2.000000 6.000000 4.000000 1.750000 0.000000 1.000000 10.000000 1.000000 2.000000 0.000000 11.000000 0.000000
0.000000 21.250000 2.330000 2.000000 3.000000 5.000000 0.500000 1.000000 1.000000 4.000000 0.000000 1.000000 80.000000 1.000000 1.000000
0.000000 28.580000 1.660000 2.000000 11.000000 4.000000 2.415000 1.000000 0.000000 0.000000 1.000000 2.000000 440.000000 1.000000 0.000000
0.000000 38.250000 6.000000 2.000000 4.000000 4.000000 1.000000 1.000000 0.000000 0.000000 1.000000 2.000000 0.000000 1.000000 1.000000
0.000000 25.420000 1.120000 2.000000 11.000000 4.000000 1.290000 1.000000 1.000000 2.000000 0.000000 2.000000 200.000000 1.000000 0.000000
1.000000 35.170000 4.500000 2.000000 14.000000 8.000000 5.750000 0.000000 0.000000 0.000000 1.000000 1.000000 711.000000 1.000000 1.000000
1.000000 31.670000 0.830000 2.000000 14.000000 4.000000 1.335000 1.000000 1.000000 8.000000 1.000000 2.000000 303.000000 3291.000000 1.000000
1.000000 28.580000 3.620000 2.000000 6.000000 4.000000 0.250000 0.000000 0.000000 0.000000 1.000000 2.000000 100.000000 1.000000 0.000000
1.000000 49.580000 19.000000 2.000000 1.000000 1.000000 0.000000 1.000000 1.000000 1.000000 0.000000 2.000000 94.000000 1.000000 0.000000
1.000000 37.580000 0.000000 2.000000 8.000000 4.000000 0.000000 0.000000 0.000000 0.000000 0.000000 3.000000 184.000000 1.000000 1.000000
1.000000 21.000000 3.000000 1.000000 2.000000 4.000000 1.085000 1.000000 1.000000 8.000000 1.000000 2.000000 160.000000 2.000000 1.000000
1.000000 18.000000 0.160000 2.000000 11.000000 7.000000 0.210000 0.000000 0.000000 0.000000 0.000000 2.000000 200.000000 41.000000 1.000000
1.000000 18.070000 5.500000 2.000000 4.000000 4.000000 0.500000 1.000000 0.000000 0.000000 0.000000 2.000000 80.000000 1.000000 1.000000
1.000000 27.830000 1.000000 1.000000 2.000000 8.000000 3.000000 0.000000 0.000000 0.000000 0.000000 2.000000 176.000000 538.000000 0.000000
0.000000 30.000000 5.290000 2.000000 10.000000 2.000000 2.250000 1.000000 1.000000 5.000000 1.000000 2.000000 99.000000 501.000000 1.000000
1.000000 39.920000 0.540000 1.000000 6.000000 4.000000 0.500000 1.000000 1.000000 3.000000 0.000000 2.000000 200.000000 1001.000000 1.000000
1.000000 17.070000 0.080000 1.000000 8.000000 4.000000 0.040000 0.000000 0.000000 0.000000 0.000000 2.000000 140.000000 723.000000 0.000000
0.000000 57.080000 0.330000 2.000000 3.000000 5.000000 1.000000 1.000000 0.000000 0.000000 1.000000 2.000000 252.000000 2198.000000 0.000000
0.000000 25.000000 11.000000 1.000000 6.000000 4.000000 4.500000 1.000000 0.000000 0.000000 0.000000 2.000000 120.000000 1.000000 0.000000
1.000000 22.670000 1.580000 1.000000 9.000000 4.000000 3.085000 1.000000 1.000000 6.000000 0.000000 2.000000 80.000000 1.000000 1.000000
1.000000 29.250000 13.000000 2.000000 2.000000 8.000000 0.500000 0.000000 0.000000 0.000000 0.000000 2.000000 228.000000 1.000000 0.000000
1.000000 23.170000 0.000000 2.000000 13.000000 4.000000 0.085000 1.000000 0.000000 0.000000 0.000000 2.000000 0.000000 1.000000 1.000000
0.000000 24.750000 13.660000 2.000000 11.000000 8.000000 1.500000 0.000000 0.000000 0.000000 0.000000 2.000000 280.000000 2.000000 0.000000
1.000000 44.830000 7.000000 1.000000 8.000000 4.000000 1.625000 0.000000 0.000000 0.000000 0.000000 2.000000 160.000000 3.000000 0.000000
1.000000 17.500000 22.000000 3.000000 1.000000 7.000000 0.000000 0.000000 0.000000 0.000000 1.000000 3.000000 450.000000 100001.000000 1.000000
0.000000 30.580000 10.660000 2.000000 11.000000 8.000000 0.085000 0.000000 1.000000 12.000000 1.000000 2.000000 129.000000 4.000000 0.000000
0.000000 21.080000 5.000000 1.000000 1.000000 1.000000 0.000000 0.000000 0.000000 0.000000 0.000000 2.000000 0.000000 1.000000 0.000000
1.000000 19.170000 9.500000 2.000000 9.000000 4.000000 1.500000 1.000000 0.000000 0.000000 0.000000 2.000000 120.000000 2207.000000 1.000000
1.000000 33.580000 0.330000 1.000000 13.000000 4.000000 0.085000 0.000000 0.000000 0.000000 0.000000 2.000000 180.000000 1.000000 0.000000
1.000000 23.420000 0.580000 2.000000 8.000000 8.000000 0.085000 1.000000 0.000000 0.000000 0.000000 2.000000 180.000000 1.000000 0.000000
1.000000 18.820000 0.410000 1.000000 8.000000 4.000000 0.165000 0.000000 1.000000 1.000000 0.000000 2.000000 200.000000 2.000000 0.000000
0.000000 18.420000 9.250000 2.000000 11.000000 4.000000 1.210000 1.000000 1.000000 4.000000 0.000000 2.000000 60.000000 541.000000 1.000000
0.000000 28.500000 3.040000 1.000000 14.000000 8.000000 2.540000 1.000000 1.000000 1.000000 0.000000 2.000000 70.000000 1.000000 1.000000
0.000000 19.170000 5.410000 2.000000 3.000000 8.000000 0.290000 0.000000 0.000000 0.000000 0.000000 2.000000 80.000000 485.000000 0.000000
0.000000 28.500000 1.000000 2.000000 11.000000 4.000000 1.000000 1.000000 1.000000 2.000000 1.000000 2.000000 167.000000 501.000000 0.000000
1.000000 44.250000 0.500000 2.000000 7.000000 4.000000 10.750000 1.000000 0.000000 0.000000 0.000000 1.000000 400.000000 1.000000 0.000000
1.000000 37.170000 4.000000 2.000000 8.000000 5.000000 5.000000 1.000000 0.000000 0.000000 1.000000 1.000000 280.000000 1.000000 0.000000
1.000000 62.750000 7.000000 2.000000 10.000000 9.000000 0.000000 0.000000 0.000000 0.000000 0.000000 2.000000 0.000000 13.000000 0.000000
1.000000 54.830000 15.500000 2.000000 10.000000 9.000000 0.000000 1.000000 1.000000 20.000000 0.000000 2.000000 152.000000 131.000000 0.000000
0.000000 40.830000 3.500000 2.000000 3.000000 5.000000 0.500000 0.000000 0.000000 0.000000 0.000000 1.000000 1160.000000 1.000000 0.000000
1.000000 19.420000 1.500000 1.000000 13.000000 4.000000 2.000000 1.000000 0.000000 0.000000 1.000000 2.000000 100.000000 21.000000 0.000000
1.000000 26.830000 0.540000 2.000000 4.000000 1.000000 0.000000 0.000000 0.000000 0.000000 0.000000 2.000000 100.000000 1.000000 0.000000
0.000000 30.500000 6.500000 2.000000 8.000000 5.000000 4.000000 1.000000 1.000000 7.000000 1.000000 2.000000 0.000000 3066.000000 1.000000
0.000000 29.500000 0.460000 2.000000 4.000000 4.000000 0.540000 1.000000 1.000000 4.000000 0.000000 2.000000 380.000000 501.000000 1.000000
1.000000 16.070000 0.750000 2.000000 8.000000 4.000000 1.750000 1.000000 1.000000 5.000000 1.000000 2.000000 352.000000 691.000000 1.000000
1.000000 47.170000 5.830000 2.000000 9.000000 4.000000 5.500000 0.000000 0.000000 0.000000 0.000000 2.000000 465.000000 151.000000 0.000000
0.000000 17.570000 9.000000 2.000000 6.000000 4.000000 1.375000 1.000000 0.000000 0.000000 1.000000 2.000000 0.000000 1.000000 1.000000
1.000000 32.080000 4.000000 1.000000 13.000000 4.000000 1.500000 0.000000 0.000000 0.000000 1.000000 2.000000 120.000000 1.000000 0.000000
1.000000 24.420000 2.000000 2.000000 10.000000 2.000000 0.165000 0.000000 1.000000 2.000000 0.000000 2.000000 320.000000 1301.000000 0.000000
0.000000 22.920000 11.580000 2.000000 13.000000 4.000000 0.040000 1.000000 0.000000 0.000000 0.000000 2.000000 80.000000 1350.000000 1.000000
1.000000 18.320000 1.210000 1.000000 10.000000 2.000000 0.000000 0.000000 0.000000 0.000000 0.000000 2.000000 100.000000 1.000000 0.000000
1.000000 24.170000 0.870000 2.000000 11.000000 4.000000 4.625000 1.000000 1.000000 2.000000 1.000000 2.000000 520.000000 2001.000000 1.000000
0.000000 15.750000 0.370000 2.000000 8.000000 4.000000 1.000000 0.000000 0.000000 0.000000 0.000000 2.000000 120.000000 19.000000 0.000000
1.000000 36.750000 0.120000 1.000000 8.000000 4.000000 1.500000 0.000000 0.000000 0.000000 1.000000 2.000000 232.000000 114.000000 1.000000
0.000000 18.570000 10.000000 2.000000 2.000000 4.000000 0.415000 0.000000 0.000000 0.000000 0.000000 2.000000 80.000000 43.000000 0.000000
1.000000 69.170000 9.000000 2.000000 1.000000 1.000000 4.000000 0.000000 1.000000 1.000000 0.000000 2.000000 70.000000 7.000000 0.000000
1.000000 41.500000 1.540000 2.000000 3.000000 5.000000 3.500000 0.000000 0.000000 0.000000 0.000000 2.000000 216.000000 1.000000 1.000000
0.000000 36.000000 1.000000 2.000000 8.000000 4.000000 2.000000 1.000000 1.000000 11.000000 0.000000 2.000000 0.000000 457.000000 1.000000
0.000000 46.670000 0.460000 2.000000 13.000000 8.000000 0.415000 1.000000 1.000000 11.000000 1.000000 2.000000 440.000000 7.000000 1.000000
1.000000 21.170000 0.000000 2.000000 8.000000 4.000000 0.500000 0.000000 0.000000 0.000000 1.000000 1.000000 0.000000 1.000000 0.000000
0.000000 25.170000 2.870000 2.000000 14.000000 8.000000 0.875000 1.000000 0.000000 0.000000 0.000000 2.000000 360.000000 1.000000 1.000000
1.000000 33.580000 2.750000 2.000000 7.000000 4.000000 4.250000 1.000000 1.000000 6.000000 0.000000 2.000000 204.000000 1.000000 1.000000
1.000000 22.170000 0.580000 1.000000 1.000000 1.000000 0.000000 0.000000 0.000000 0.000000 0.000000 2.000000 100.000000 1.000000 0.000000
0.000000 22.750000 6.160000 2.000000 6.000000 4.000000 0.165000 0.000000 0.000000 0.000000 0.000000 2.000000 220.000000 1001.000000 0.000000
1.000000 21.830000 0.250000 2.000000 2.000000 8.000000 0.665000 1.000000 0.000000 0.000000 1.000000 2.000000 0.000000 1.000000 1.000000
1.000000 21.170000 0.870000 1.000000 8.000000 8.000000 0.250000 0.000000 0.000000 0.000000 0.000000 2.000000 280.000000 205.000000 0.000000
1.000000 32.920000 2.500000 2.000000 6.000000 4.000000 1.750000 0.000000 1.000000 2.000000 1.000000 2.000000 720.000000 1.000000 0.000000
1.000000 25.750000 0.750000 2.000000 8.000000 5.000000 0.250000 1.000000 0.000000 0.000000 0.000000 2.000000 349.000000 24.000000 1.000000
1.000000 23.750000 0.410000 1.000000 8.000000 4.000000 0.040000 0.000000 1.000000 2.000000 0.000000 2.000000 128.000000 7.000000 0.000000
1.000000 23.080000 11.500000 2.000000 3.000000 4.000000 3.500000 1.000000 1.000000 9.000000 0.000000 2.000000 56.000000 743.000000 1.000000
0.000000 21.670000 11.500000 1.000000 5.000000 3.000000 0.000000 1.000000 1.000000 11.000000 1.000000 2.000000 0.000000 1.000000 1.000000
1.000000 23.920000 1.500000 2.000000 2.000000 8.000000 1.875000 1.000000 1.000000 6.000000 0.000000 2.000000 200.000000 328.000000 1.000000
1.000000 47.330000 6.500000 2.000000 8.000000 4.000000 1.000000 0.000000 0.000000 0.000000 1.000000 2.000000 0.000000 229.000000 0.000000
0.000000 31.570000 3.500000 2.000000 2.000000 4.000000 3.000000 1.000000 0.000000 0.000000 1.000000 2.000000 300.000000 1.000000 0.000000
1.000000 33.670000 2.160000 2.000000 8.000000 4.000000 1.500000 0.000000 0.000000 0.000000 0.000000 3.000000 120.000000 1.000000 0.000000
0.000000 18.170000 10.000000 1.000000 11.000000 8.000000 0.165000 0.000000 0.000000 0.000000 0.000000 2.000000 340.000000 1.000000 0.000000
1.000000 22.170000 12.120000 2.000000 8.000000 4.000000 3.335000 0.000000 1.000000 2.000000 1.000000 2.000000 180.000000 174.000000 0.000000
1.000000 36.500000 4.250000 2.000000 11.000000 4.000000 3.500000 0.000000 0.000000 0.000000 0.000000 2.000000 454.000000 51.000000 0.000000
1.000000 25.580000 0.330000 2.000000 4.000000 8.000000 3.500000 0.000000 0.000000 0.000000 1.000000 2.000000 340.000000 1.000000 0.000000
0.000000 18.820000 9.530000 2.000000 6.000000 4.000000 0.085000 1.000000 0.000000 0.000000 0.000000 2.000000 100.000000 1.000000 1.000000
1.000000 41.750000 0.960000 2.000000 14.000000 4.000000 2.500000 1.000000 0.000000 0.000000 0.000000 2.000000 510.000000 601.000000 1.000000
1.000000 42.500000 4.910000 1.000000 9.000000 4.000000 3.165000 1.000000 0.000000 0.000000 1.000000 2.000000 52.000000 1443.000000 1.000000
1.000000 27.670000 2.000000 2.000000 14.000000 8.000000 1.000000 1.000000 1.000000 4.000000 0.000000 2.000000 140.000000 7545.000000 1.000000
1.000000 28.670000 9.330000 2.000000 11.000000 8.000000 5.665000 1.000000 1.000000 6.000000 0.000000 2.000000 381.000000 169.000000 1.000000
1.000000 36.330000 3.790000 2.000000 9.000000 4.000000 1.165000 1.000000 0.000000 0.000000 1.000000 2.000000 200.000000 1.000000 0.000000
1.000000 22.330000 11.000000 2.000000 9.000000 4.000000 2.000000 1.000000 1.000000 1.000000 0.000000 2.000000 80.000000 279.000000 1.000000
0.000000 24.080000 0.500000 2.000000 11.000000 8.000000 1.250000 1.000000 1.000000 1.000000 0.000000 2.000000 0.000000 679.000000 1.000000
1.000000 38.670000 0.210000 2.000000 4.000000 4.000000 0.085000 1.000000 0.000000 0.000000 1.000000 2.000000 280.000000 1.000000 1.000000
0.000000 23.500000 9.000000 2.000000 11.000000 4.000000 8.500000 1.000000 1.000000 5.000000 1.000000 2.000000 120.000000 1.000000 1.000000
0.000000 22.420000 11.250000 1.000000 14.000000 8.000000 0.750000 1.000000 1.000000 4.000000 0.000000 2.000000 0.000000 322.000000 1.000000
1.000000 40.580000 5.000000 2.000000 8.000000 4.000000 5.000000 1.000000 1.000000 7.000000 0.000000 2.000000 0.000000 3066.000000 1.000000
1.000000 24.750000 0.540000 2.000000 7.000000 4.000000 1.000000 0.000000 0.000000 0.000000 1.000000 2.000000 120.000000 2.000000 0.000000
1.000000 18.570000 10.290000 2.000000 1.000000 1.000000 0.415000 0.000000 0.000000 0.000000 0.000000 2.000000 80.000000 1.000000 0.000000
1.000000 24.420000 12.330000 2.000000 11.000000 8.000000 1.585000 1.000000 0.000000 0.000000 1.000000 2.000000 120.000000 1.000000 1.000000
1.000000 17.920000 0.200000 2.000000 6.000000 4.000000 0.040000 0.000000 0.000000 0.000000 0.000000 2.000000 280.000000 751.000000 0.000000
0.000000 20.750000 9.530000 2.000000 3.000000 4.000000 0.040000 0.000000 0.000000 0.000000 0.000000 2.000000 200.000000 1001.000000 0.000000
1.000000 48.580000 0.200000 1.000000 4.000000 4.000000 0.250000 1.000000 1.000000 11.000000 0.000000 2.000000 380.000000 2733.000000 1.000000
1.000000 25.920000 0.870000 2.000000 4.000000 4.000000 0.375000 0.000000 1.000000 2.000000 1.000000 2.000000 174.000000 4.000000 0.000000
1.000000 24.830000 2.750000 2.000000 8.000000 4.000000 2.250000 1.000000 1.000000 6.000000 0.000000 2.000000 184.000000 601.000000 1.000000
1.000000 48.080000 3.750000 2.000000 3.000000 5.000000 1.000000 0.000000 0.000000 0.000000 0.000000 2.000000 100.000000 3.000000 0.000000
0.000000 20.670000 3.000000 2.000000 11.000000 4.000000 0.165000 1.000000 1.000000 3.000000 0.000000 2.000000 100.000000 7.000000 1.000000
1.000000 21.920000 0.540000 1.000000 14.000000 4.000000 0.040000 1.000000 1.000000 1.000000 1.000000 2.000000 840.000000 60.000000 1.000000
1.000000 47.830000 4.160000 2.000000 14.000000 5.000000 0.085000 0.000000 0.000000 0.000000 1.000000 2.000000 520.000000 1.000000 0.000000
1.000000 20.170000 8.170000 2.000000 6.000000 4.000000 1.960000 1.000000 1.000000 14.000000 0.000000 2.000000 60.000000 159.000000 1.000000
1.000000 17.420000 6.500000 2.000000 3.000000 4.000000 0.125000 0.000000 0.000000 0.000000 0.000000 2.000000 60.000000 101.000000 0.000000
1.000000 24.580000 12.500000 2.000000 9.000000 4.000000 0.875000 1.000000 0.000000 0.000000 1.000000 2.000000 260.000000 1.000000 0.000000
1.000000 34.670000 1.080000 2.000000 7.000000 4.000000 1.165000 0.000000 0.000000 0.000000 0.000000 1.000000 28.000000 1.000000 0.000000
1.000000 22.920000 3.160000 1.000000 8.000000 4.000000 0.165000 0.000000 0.000000 0.000000 0.000000 2.000000 160.000000 1059.000000 0.000000
1.000000 32.420000 3.000000 2.000000 2.000000 4.000000 0.165000 0.000000 0.000000 0.000000 1.000000 2.000000 120.000000 1.000000 0.000000
1.000000 37.500000 1.750000 1.000000 8.000000 5.000000 0.250000 1.000000 0.000000 0.000000 1.000000 2.000000 164.000000 401.000000 0.000000
1.000000 29.830000 3.500000 2.000000 8.000000 4.000000 0.165000 0.000000 0.000000 0.000000 0.000000 2.000000 216.000000 1.000000 0.000000
0.000000 25.580000 0.000000 2.000000 8.000000 4.000000 0.000000 0.000000 0.000000 0.000000 0.000000 3.000000 184.000000 1.000000 1.000000
